1.997070000000000000e+05 5.000167951193853710e+00
1.997560000000000000e+05 5.502166847325907106e+00
1.998040000000000000e+05 6.118881314858758635e+00
1.998480000000000000e+05 6.723640523137690117e+00
1.998910000000000000e+05 7.314590528781039325e+00
1.999290000000000000e+05 7.868660042565474022e+00
1.999780000000000000e+05 8.482414310003383306e+00
2.000270000000000000e+05 9.113807738159161786e+00
2.000750000000000000e+05 9.743057307042105819e+00
2.001230000000000000e+05 1.035971074608766074e+01
2.001720000000000000e+05 1.100807194903672048e+01
2.002200000000000000e+05 1.163729481622669404e+01
2.002680000000000000e+05 1.228235630668137901e+01
2.003190000000000000e+05 1.292918781690755381e+01
2.003720000000000000e+05 1.357773594111019300e+01
2.004220000000000000e+05 1.423012165093569514e+01
2.004750000000000000e+05 1.487670520639620086e+01
2.005240000000000000e+05 1.553936008153937642e+01
2.005700000000000000e+05 1.617396930257222110e+01
2.006130000000000000e+05 1.681554797560004033e+01
2.006620000000000000e+05 1.742891314779666345e+01
2.007110000000000000e+05 1.809432604947611978e+01
2.007640000000000000e+05 1.872006609973654889e+01
2.008170000000000000e+05 1.940316393806472561e+01
2.008570000000000000e+05 2.003370287760833790e+01
2.008940000000000000e+05 2.061018374232418893e+01
2.009320000000000000e+05 2.117971804336929864e+01
2.009700000000000000e+05 2.173407747874661311e+01
2.010060000000000000e+05 2.227040102550462564e+01
2.010430000000000000e+05 2.277646639361198666e+01
2.010800000000000000e+05 2.330250551660573777e+01
2.011170000000000000e+05 2.378169634322494730e+01
2.011550000000000000e+05 2.431272890496436290e+01
2.011910000000000000e+05 2.480547335030571077e+01
2.012280000000000000e+05 2.527495195706237396e+01
2.012630000000000000e+05 2.574634554186011215e+01
2.013020000000000000e+05 2.625259401556003525e+01
2.013380000000000000e+05 2.673631288785241367e+01
2.013770000000000000e+05 2.723078539112154317e+01
2.014140000000000000e+05 2.770016863080492087e+01
2.014520000000000000e+05 2.819247820133795557e+01
2.014900000000000000e+05 2.869668581204582480e+01
2.015290000000000000e+05 2.917179872674237373e+01
2.015650000000000000e+05 2.966067507120106228e+01
2.016030000000000000e+05 3.012304308351484750e+01
2.016390000000000000e+05 3.057805635357507157e+01
2.016770000000000000e+05 3.102658844970065743e+01
2.017130000000000000e+05 3.153301239108183296e+01
2.017500000000000000e+05 3.203501129176646600e+01
2.017880000000000000e+05 3.251416778680459885e+01
2.018230000000000000e+05 3.297092438281182325e+01
2.018610000000000000e+05 3.341121292758508332e+01
2.018960000000000000e+05 3.388165665308157060e+01
2.019320000000000000e+05 3.433420182088509875e+01
2.019700000000000000e+05 3.478882981117676820e+01
2.020060000000000000e+05 3.525484085875844187e+01
2.020430000000000000e+05 3.578496552294762978e+01
2.020780000000000000e+05 3.623445511214135450e+01
2.021170000000000000e+05 3.671977616133265343e+01
2.021520000000000000e+05 3.721609116689474206e+01
2.021870000000000000e+05 3.769933320240839691e+01
2.022210000000000000e+05 3.815522767248594960e+01
2.022600000000000000e+05 3.867179108786164221e+01
2.022970000000000000e+05 3.912055970382182579e+01
2.023330000000000000e+05 3.960181428025244088e+01
2.023700000000000000e+05 4.005271151115078965e+01
2.024070000000000000e+05 4.055592729808903840e+01
2.024450000000000000e+05 4.103657914263605733e+01
2.024840000000000000e+05 4.150100708381524584e+01
2.025200000000000000e+05 4.197243118402693796e+01
2.025570000000000000e+05 4.245222854621113129e+01
2.025930000000000000e+05 4.290598297302557285e+01
2.026310000000000000e+05 4.335762215372774619e+01
2.026680000000000000e+05 4.385420419421474492e+01
2.027040000000000000e+05 4.435316472392956655e+01
2.027400000000000000e+05 4.482510572134237492e+01
2.027770000000000000e+05 4.532713895438433127e+01
2.028140000000000000e+05 4.581045537350716756e+01
2.028490000000000000e+05 4.627784925137756034e+01
2.028860000000000000e+05 4.678092771709881958e+01
2.029230000000000000e+05 4.726190762894678699e+01
2.029580000000000000e+05 4.769183926701376919e+01
2.029960000000000000e+05 4.817683986242313665e+01
2.030330000000000000e+05 4.860937120901299124e+01
2.030700000000000000e+05 4.912991714989892955e+01
2.031060000000000000e+05 4.963485718103264333e+01
2.031420000000000000e+05 5.010409547697732080e+01
2.031770000000000000e+05 5.061734204907784829e+01
2.032130000000000000e+05 5.108384523478861183e+01
