5.805600000000000000e+04 5.247117903636644876e+00
5.809800000000000000e+04 5.669740402377328792e+00
5.814100000000000000e+04 6.213197301391544691e+00
5.818400000000000000e+04 6.817826684913563362e+00
5.822700000000000000e+04 7.385300945069127820e+00
5.827000000000000000e+04 7.960419872415044118e+00
5.831300000000000000e+04 8.581025256457227357e+00
5.835700000000000000e+04 9.189499915958547760e+00
5.840000000000000000e+04 9.785691260394759894e+00
5.844200000000000000e+04 1.038417143009185395e+01
5.848600000000000000e+04 1.099974144820468425e+01
5.852900000000000000e+04 1.160551532974271716e+01
5.857100000000000000e+04 1.219966201913242720e+01
5.861400000000000000e+04 1.279264904425347815e+01
5.865700000000000000e+04 1.340905831250753977e+01
5.870100000000000000e+04 1.402943486867479805e+01
5.874300000000000000e+04 1.463772646703407077e+01
5.877900000000000000e+04 1.520050110165490409e+01
5.881600000000000000e+04 1.574995481560828203e+01
5.885200000000000000e+04 1.626796016785231203e+01
5.888800000000000000e+04 1.677389581951095821e+01
5.892500000000000000e+04 1.728778131253019623e+01
5.896100000000000000e+04 1.778883414972417398e+01
5.899800000000000000e+04 1.829075672814963482e+01
5.903400000000000000e+04 1.876248218287462777e+01
5.907100000000000000e+04 1.924279833266779605e+01
5.910700000000000000e+04 1.971322674886611992e+01
5.914400000000000000e+04 2.019851727525533036e+01
5.918000000000000000e+04 2.065487712904582196e+01
5.921700000000000000e+04 2.113284340442933384e+01
5.925300000000000000e+04 2.158723486162259775e+01
5.929000000000000000e+04 2.205194128590380842e+01
5.932600000000000000e+04 2.248629798483736053e+01
5.936200000000000000e+04 2.293727148542349070e+01
5.939900000000000000e+04 2.340693703822345384e+01
5.943500000000000000e+04 2.384690896585837905e+01
5.947200000000000000e+04 2.429467812907105895e+01
5.950800000000000000e+04 2.475520362370170346e+01
5.954500000000000000e+04 2.521405065753810959e+01
5.958100000000000000e+04 2.569163542187696692e+01
5.961800000000000000e+04 2.620510892245796697e+01
5.965400000000000000e+04 2.671568337296909235e+01
5.969100000000000000e+04 2.722360295538663166e+01
5.972800000000000000e+04 2.771103005729279900e+01
5.976400000000000000e+04 2.817527911914466898e+01
5.980100000000000000e+04 2.863475224611009295e+01
5.983700000000000000e+04 2.912886316747991344e+01
5.987400000000000000e+04 2.965008877967267509e+01
5.991100000000000000e+04 3.015112672482871048e+01
5.994700000000000000e+04 3.063588338527521060e+01
5.998400000000000000e+04 3.111439909558623995e+01
6.002000000000000000e+04 3.157484829467029286e+01
6.005600000000000000e+04 3.202963646184754509e+01
6.009300000000000000e+04 3.248218155879536795e+01
6.013000000000000000e+04 3.295299145528962015e+01
6.016700000000000000e+04 3.341556159333214282e+01
6.020300000000000000e+04 3.387936769458502084e+01
6.024000000000000000e+04 3.434451669790938411e+01
6.027600000000000000e+04 3.479097354477794823e+01
6.031300000000000000e+04 3.524632624559902894e+01
6.034900000000000000e+04 3.570552432100146945e+01
6.038600000000000000e+04 3.615266825277161189e+01
6.042300000000000000e+04 3.661456710584932495e+01
6.045900000000000000e+04 3.705614126867111935e+01
6.049600000000000000e+04 3.750919009058941356e+01
6.053100000000000000e+04 3.797108889266826992e+01
6.056700000000000000e+04 3.838448002454406804e+01
6.060400000000000000e+04 3.886110352106623367e+01
6.064100000000000000e+04 3.934694362885809227e+01
6.067700000000000000e+04 3.985013277499354700e+01
6.071400000000000000e+04 4.037939887174682241e+01
6.075000000000000000e+04 4.091341001180472148e+01
6.078700000000000000e+04 4.151393421488017310e+01
6.082300000000000000e+04 4.217262500695957783e+01
6.086000000000000000e+04 4.288488950727818860e+01
6.089600000000000000e+04 4.354794448187577416e+01
6.093300000000000000e+04 4.421972757776002538e+01
6.096900000000000000e+04 4.488026501912757027e+01
6.100600000000000000e+04 4.554525806997889958e+01
6.104200000000000000e+04 4.619477873542221147e+01
6.107900000000000000e+04 4.680467239172987348e+01
6.111500000000000000e+04 4.736727911331461627e+01
6.115200000000000000e+04 4.791427613938390095e+01
6.118900000000000000e+04 4.842207336671969387e+01
6.122500000000000000e+04 4.892131042724144407e+01
6.126200000000000000e+04 4.940023805974191617e+01
6.129800000000000000e+04 4.984719853145123381e+01
6.133500000000000000e+04 5.028631605131561599e+01
6.137100000000000000e+04 5.073631305652733658e+01
