1.325012000000000000e+06 5.430465698242187500e+00
1.325051000000000000e+06 5.929794311523437500e+00
1.325089000000000000e+06 6.478019714355468750e+00
1.325127000000000000e+06 7.004905700683593750e+00
1.325164000000000000e+06 7.494621276855468750e+00
1.325202000000000000e+06 8.016975402832031250e+00
1.325241000000000000e+06 8.518022537231445312e+00
1.325277000000000000e+06 9.023843765258789062e+00
1.325318000000000000e+06 9.565528869628906250e+00
1.325355000000000000e+06 1.006825065612792969e+01
1.325396000000000000e+06 1.059207916259765625e+01
1.325433000000000000e+06 1.107194137573242188e+01
1.325469000000000000e+06 1.158636856079101562e+01
1.325509000000000000e+06 1.208573722839355469e+01
1.325548000000000000e+06 1.259305572509765625e+01
1.325587000000000000e+06 1.307201576232910156e+01
1.325625000000000000e+06 1.357787513732910156e+01
1.325665000000000000e+06 1.409728622436523438e+01
1.325704000000000000e+06 1.459427833557128906e+01
1.325744000000000000e+06 1.511759185791015625e+01
1.325783000000000000e+06 1.561474037170410156e+01
1.325823000000000000e+06 1.614623641967773438e+01
1.325862000000000000e+06 1.666149520874023438e+01
1.325901000000000000e+06 1.717320632934570312e+01
1.325940000000000000e+06 1.768292617797851562e+01
1.325980000000000000e+06 1.820376777648925781e+01
1.326017000000000000e+06 1.870626068115234375e+01
1.326056000000000000e+06 1.920451164245605469e+01
1.326095000000000000e+06 1.970701599121093750e+01
1.326135000000000000e+06 2.020974922180175781e+01
1.326173000000000000e+06 2.072151374816894531e+01
1.326212000000000000e+06 2.122224998474121094e+01
1.326251000000000000e+06 2.172814178466796875e+01
1.326291000000000000e+06 2.222929573059082031e+01
1.326330000000000000e+06 2.275227165222167969e+01
1.326369000000000000e+06 2.326159286499023438e+01
1.326407000000000000e+06 2.374416351318359375e+01
1.326447000000000000e+06 2.426865291595458984e+01
1.326485000000000000e+06 2.476915836334228516e+01
1.326524000000000000e+06 2.526962471008300781e+01
1.326563000000000000e+06 2.575124931335449219e+01
1.326602000000000000e+06 2.627930927276611328e+01
1.326640000000000000e+06 2.678247833251953125e+01
1.326679000000000000e+06 2.727293872833251953e+01
1.326718000000000000e+06 2.777637290954589844e+01
1.326756000000000000e+06 2.826558971405029297e+01
1.326795000000000000e+06 2.880583381652832031e+01
1.326835000000000000e+06 2.932719802856445312e+01
1.326875000000000000e+06 2.985089874267578125e+01
1.326915000000000000e+06 3.036919307708740234e+01
1.326954000000000000e+06 3.090365982055664062e+01
1.326993000000000000e+06 3.142093372344970703e+01
1.327032000000000000e+06 3.191645717620849609e+01
1.327070000000000000e+06 3.244505214691162109e+01
1.327110000000000000e+06 3.296117448806762695e+01
1.327150000000000000e+06 3.348717927932739258e+01
1.327188000000000000e+06 3.398102998733520508e+01
1.327224000000000000e+06 3.449520826339721680e+01
1.327262000000000000e+06 3.503019857406616211e+01
1.327301000000000000e+06 3.554380798339843750e+01
1.327339000000000000e+06 3.604647231101989746e+01
1.327377000000000000e+06 3.654446244239807129e+01
1.327417000000000000e+06 3.705421352386474609e+01
1.327455000000000000e+06 3.757138442993164062e+01
1.327495000000000000e+06 3.806419014930725098e+01
1.327534000000000000e+06 3.859755361080169678e+01
1.327573000000000000e+06 3.910986649990081787e+01
1.327612000000000000e+06 3.959180772304534912e+01
1.327650000000000000e+06 4.012635360658168793e+01
1.327688000000000000e+06 4.062109059095382690e+01
1.327727000000000000e+06 4.111884415149688721e+01
1.327765000000000000e+06 4.162345290184020996e+01
1.327805000000000000e+06 4.210943818092346191e+01
1.327843000000000000e+06 4.261528706550598145e+01
1.327881000000000000e+06 4.312531924247741699e+01
1.327920000000000000e+06 4.365129303932189941e+01
1.327960000000000000e+06 4.417712783813476562e+01
1.327996000000000000e+06 4.466299915313720703e+01
1.328035000000000000e+06 4.517524623870849609e+01
1.328072000000000000e+06 4.572876214981079102e+01
1.328110000000000000e+06 4.624392318725585938e+01
1.328148000000000000e+06 4.679730463027954102e+01
1.328186000000000000e+06 4.730093240737915039e+01
1.328224000000000000e+06 4.780170965194702148e+01
1.328264000000000000e+06 4.832169246673583984e+01
1.328301000000000000e+06 4.878875160217285156e+01
1.328341000000000000e+06 4.932889652252197266e+01
1.328379000000000000e+06 4.982759857177734375e+01
1.328417000000000000e+06 5.031083393096923828e+01
1.328454000000000000e+06 5.085174751281738281e+01
1.328492000000000000e+06 5.135886669158935547e+01
