2.252297000000000000e+06 5.000056053395232958e+00
2.252340000000000000e+06 5.413004616630038512e+00
2.252384000000000000e+06 6.002337110774407236e+00
2.252427000000000000e+06 6.593866885291070012e+00
2.252469000000000000e+06 7.169876577236269810e+00
2.252513000000000000e+06 7.753117036042137755e+00
2.252554000000000000e+06 8.318737415512433842e+00
2.252594000000000000e+06 8.903469433356839602e+00
2.252636000000000000e+06 9.475311595175851309e+00
2.252679000000000000e+06 1.004483442457078723e+01
2.252723000000000000e+06 1.065294291874697663e+01
2.252767000000000000e+06 1.124888634612851845e+01
2.252807000000000000e+06 1.181138632648214504e+01
2.252850000000000000e+06 1.241413899349694283e+01
2.252892000000000000e+06 1.297121829338111532e+01
2.252935000000000000e+06 1.354806535532111944e+01
2.252978000000000000e+06 1.417042175622904310e+01
2.253021000000000000e+06 1.473734679293552219e+01
2.253066000000000000e+06 1.536807264169240028e+01
2.253109000000000000e+06 1.596533215265092487e+01
2.253152000000000000e+06 1.656407558199332186e+01
2.253195000000000000e+06 1.715745554777185333e+01
2.253237000000000000e+06 1.774189004933473868e+01
2.253279000000000000e+06 1.831168374325918791e+01
2.253321000000000000e+06 1.892179115807049783e+01
2.253364000000000000e+06 1.950650413403538863e+01
2.253407000000000000e+06 2.010166175129121768e+01
2.253451000000000000e+06 2.070392615008945825e+01
2.253493000000000000e+06 2.127785116330977644e+01
2.253538000000000000e+06 2.188855748783409894e+01
2.253578000000000000e+06 2.248357396257500795e+01
2.253623000000000000e+06 2.308518223473743802e+01
2.253666000000000000e+06 2.367724994955538165e+01
2.253707000000000000e+06 2.425891879995238654e+01
2.253750000000000000e+06 2.483935931800961328e+01
2.253794000000000000e+06 2.546125033660293013e+01
2.253836000000000000e+06 2.605117800716011445e+01
2.253877000000000000e+06 2.661015703900438822e+01
2.253918000000000000e+06 2.719901659456216336e+01
2.253961000000000000e+06 2.782582857331763648e+01
2.254003000000000000e+06 2.839631654736437127e+01
2.254046000000000000e+06 2.897361757076860300e+01
2.254088000000000000e+06 2.956401444996637906e+01
2.254131000000000000e+06 3.018403626830851039e+01
2.254173000000000000e+06 3.076691056487096176e+01
2.254217000000000000e+06 3.136954499329777235e+01
2.254260000000000000e+06 3.194859696347807088e+01
2.254305000000000000e+06 3.254302216358007627e+01
2.254349000000000000e+06 3.317764282885762839e+01
2.254392000000000000e+06 3.377935410104227998e+01
2.254434000000000000e+06 3.437041092391292096e+01
2.254476000000000000e+06 3.496299744045076352e+01
2.254519000000000000e+06 3.555818939535777190e+01
2.254559000000000000e+06 3.613703537252425235e+01
2.254600000000000000e+06 3.669698333955200553e+01
2.254644000000000000e+06 3.729738617109373422e+01
2.254687000000000000e+06 3.787389755370823963e+01
2.254730000000000000e+06 3.845575714195945238e+01
2.254774000000000000e+06 3.908082199149223612e+01
2.254817000000000000e+06 3.968249130278177006e+01
2.254859000000000000e+06 4.027539443984016998e+01
2.254901000000000000e+06 4.085957717900503638e+01
2.254943000000000000e+06 4.144536209106841085e+01
2.254985000000000000e+06 4.203544235230401682e+01
2.255027000000000000e+06 4.258317947393702241e+01
2.255071000000000000e+06 4.319074630754420241e+01
2.255112000000000000e+06 4.379589462312254255e+01
2.255155000000000000e+06 4.437562942556072443e+01
2.255196000000000000e+06 4.497486496046485627e+01
2.255238000000000000e+06 4.552129745583152243e+01
2.255278000000000000e+06 4.612274551521161214e+01
2.255319000000000000e+06 4.666374588173331261e+01
2.255361000000000000e+06 4.723492050367153894e+01
2.255403000000000000e+06 4.780920791861871066e+01
2.255446000000000000e+06 4.841281509679950545e+01
2.255489000000000000e+06 4.900103378627768080e+01
2.255531000000000000e+06 4.956602096938711099e+01
2.255575000000000000e+06 5.017656326737395034e+01
2.255615000000000000e+06 5.073962021371457354e+01
