3.696000000000000000e+03 5.242539195802007335e+00
3.738000000000000000e+03 5.684082717136033303e+00
3.779000000000000000e+03 6.266190211038537683e+00
3.822000000000000000e+03 6.816650975122368727e+00
3.865000000000000000e+03 7.421112597435984171e+00
3.907000000000000000e+03 7.993332407634438752e+00
3.950000000000000000e+03 8.568954932744315300e+00
3.995000000000000000e+03 9.185608343912440077e+00
4.040000000000000000e+03 9.796066690905631091e+00
4.084000000000000000e+03 1.039740028554670026e+01
4.129000000000000000e+03 1.101696813509003547e+01
4.174000000000000000e+03 1.163060031815763118e+01
4.220000000000000000e+03 1.226782259040263767e+01
4.266000000000000000e+03 1.289372284319163775e+01
4.312000000000000000e+03 1.351844817070820426e+01
4.360000000000000000e+03 1.414035062356601458e+01
4.407000000000000000e+03 1.477807644148481359e+01
4.455000000000000000e+03 1.544915797274223479e+01
4.503000000000000000e+03 1.608311487175619803e+01
4.551000000000000000e+03 1.674180626825937424e+01
4.599000000000000000e+03 1.736341880856757314e+01
4.647000000000000000e+03 1.803828452263881843e+01
4.695000000000000000e+03 1.869107076980735371e+01
4.738000000000000000e+03 1.931079122195079734e+01
4.782000000000000000e+03 1.994949360792320192e+01
4.824000000000000000e+03 2.057536335282459916e+01
4.864000000000000000e+03 2.118104572033410093e+01
4.904000000000000000e+03 2.177940386946298901e+01
4.944000000000000000e+03 2.235638445556194043e+01
4.985000000000000000e+03 2.294146745882929039e+01
5.026000000000000000e+03 2.351235978859679321e+01
5.066000000000000000e+03 2.409571854914268840e+01
5.107000000000000000e+03 2.467295853550850637e+01
5.147000000000000000e+03 2.524481216954580631e+01
5.188000000000000000e+03 2.581433120903255585e+01
5.229000000000000000e+03 2.638479629358608847e+01
5.271000000000000000e+03 2.696247878546786936e+01
5.313000000000000000e+03 2.753822341128462270e+01
5.356000000000000000e+03 2.811627211436473672e+01
5.399000000000000000e+03 2.869343580780335756e+01
5.442000000000000000e+03 2.931526197673294476e+01
5.485000000000000000e+03 2.990171827289544382e+01
5.529000000000000000e+03 3.052226270378016437e+01
5.573000000000000000e+03 3.110153211052856648e+01
5.616000000000000000e+03 3.173361218610189738e+01
5.659000000000000000e+03 3.232478344845412721e+01
5.702000000000000000e+03 3.291745007221145869e+01
5.746000000000000000e+03 3.355479443026397490e+01
5.787000000000000000e+03 3.416973888613484434e+01
5.831000000000000000e+03 3.479628002173059542e+01
5.875000000000000000e+03 3.538226329620142252e+01
5.920000000000000000e+03 3.603755199044288560e+01
5.961000000000000000e+03 3.665119944952928677e+01
6.005000000000000000e+03 3.727029429635634017e+01
6.047000000000000000e+03 3.790203867934012294e+01
6.094000000000000000e+03 3.853782664147304615e+01
6.141000000000000000e+03 3.917016611734308640e+01
6.188000000000000000e+03 3.978846750954081557e+01
6.235000000000000000e+03 4.042805490286830405e+01
6.282000000000000000e+03 4.113618479028942687e+01
6.324000000000000000e+03 4.186616526151442486e+01
6.370000000000000000e+03 4.265989696978776635e+01
6.413000000000000000e+03 4.341004956475794785e+01
6.453000000000000000e+03 4.414620986366945488e+01
6.493000000000000000e+03 4.486907977204641895e+01
6.533000000000000000e+03 4.562028525776103294e+01
6.562000000000000000e+03 4.624826077550082459e+01
6.575000000000000000e+03 4.686566196669321016e+01
6.598000000000000000e+03 4.748020974681800510e+01
6.639000000000000000e+03 4.807333413548141721e+01
6.681000000000000000e+03 4.866008036610580945e+01
6.722000000000000000e+03 4.923605389992306414e+01
6.763000000000000000e+03 4.979110762833044390e+01
6.776000000000000000e+03 5.026446574644084819e+01
6.817000000000000000e+03 5.078831526511895333e+01
6.857000000000000000e+03 5.129559371721637007e+01
