1.346592000000000000e+06 5.000389099121093750e+00
1.346631000000000000e+06 5.419342041015625000e+00
1.346669000000000000e+06 5.914997100830078125e+00
1.346708000000000000e+06 6.484233856201171875e+00
1.346745000000000000e+06 7.027198791503906250e+00
1.346783000000000000e+06 7.574325561523437500e+00
1.346822000000000000e+06 8.125347137451171875e+00
1.346860000000000000e+06 8.627603530883789062e+00
1.346899000000000000e+06 9.173360824584960938e+00
1.346937000000000000e+06 9.686761856079101562e+00
1.346974000000000000e+06 1.017411804199218750e+01
1.347011000000000000e+06 1.065929603576660156e+01
1.347050000000000000e+06 1.119809913635253906e+01
1.347089000000000000e+06 1.170149040222167969e+01
1.347127000000000000e+06 1.218578720092773438e+01
1.347165000000000000e+06 1.269386482238769531e+01
1.347204000000000000e+06 1.319598770141601562e+01
1.347241000000000000e+06 1.368194961547851562e+01
1.347281000000000000e+06 1.419215011596679688e+01
1.347319000000000000e+06 1.468238449096679688e+01
1.347357000000000000e+06 1.517075729370117188e+01
1.347397000000000000e+06 1.567641639709472656e+01
1.347438000000000000e+06 1.620447921752929688e+01
1.347477000000000000e+06 1.669710540771484375e+01
1.347515000000000000e+06 1.720502471923828125e+01
1.347553000000000000e+06 1.770204734802246094e+01
1.347593000000000000e+06 1.821383666992187500e+01
1.347632000000000000e+06 1.873266029357910156e+01
1.347671000000000000e+06 1.921177291870117188e+01
1.347711000000000000e+06 1.975733566284179688e+01
1.347749000000000000e+06 2.025999832153320312e+01
1.347789000000000000e+06 2.077932548522949219e+01
1.347828000000000000e+06 2.128637123107910156e+01
1.347867000000000000e+06 2.178520774841308594e+01
1.347908000000000000e+06 2.233301162719726562e+01
1.347947000000000000e+06 2.284540367126464844e+01
1.347986000000000000e+06 2.336159324645996094e+01
1.348024000000000000e+06 2.387161254882812500e+01
1.348063000000000000e+06 2.437458896636962891e+01
1.348102000000000000e+06 2.489542388916015625e+01
1.348142000000000000e+06 2.541759586334228516e+01
1.348180000000000000e+06 2.591907024383544922e+01
1.348218000000000000e+06 2.641452312469482422e+01
1.348257000000000000e+06 2.691957664489746094e+01
1.348296000000000000e+06 2.741964912414550781e+01
1.348334000000000000e+06 2.789342784881591797e+01
1.348372000000000000e+06 2.839290714263916016e+01
1.348412000000000000e+06 2.890987586975097656e+01
1.348449000000000000e+06 2.940231132507324219e+01
1.348489000000000000e+06 2.988847064971923828e+01
1.348527000000000000e+06 3.039640998840332031e+01
1.348565000000000000e+06 3.091290187835693359e+01
1.348602000000000000e+06 3.141665077209472656e+01
1.348640000000000000e+06 3.190073204040527344e+01
1.348677000000000000e+06 3.238501644134521484e+01
1.348716000000000000e+06 3.287946701049804688e+01
1.348755000000000000e+06 3.337153053283691406e+01
1.348792000000000000e+06 3.385961484909057617e+01
1.348831000000000000e+06 3.438948297500610352e+01
1.348870000000000000e+06 3.489465713500976562e+01
1.348909000000000000e+06 3.541090297698974609e+01
1.348947000000000000e+06 3.591280174255371094e+01
1.348986000000000000e+06 3.639182376861572266e+01
1.349025000000000000e+06 3.692293095588684082e+01
1.349064000000000000e+06 3.744848608970642090e+01
1.349103000000000000e+06 3.797144818305969238e+01
1.349142000000000000e+06 3.848602938652038574e+01
1.349180000000000000e+06 3.900475418567657471e+01
1.349220000000000000e+06 3.952867951989173889e+01
1.349257000000000000e+06 4.001194412168115377e+01
1.349297000000000000e+06 4.055630534887313843e+01
1.349335000000000000e+06 4.106572449207305908e+01
1.349375000000000000e+06 4.158249640464782715e+01
1.349412000000000000e+06 4.207262039184570312e+01
1.349450000000000000e+06 4.258962965011596680e+01
1.349489000000000000e+06 4.309301662445068359e+01
1.349530000000000000e+06 4.361867547035217285e+01
1.349568000000000000e+06 4.413319396972656250e+01
1.349607000000000000e+06 4.464139652252197266e+01
1.349645000000000000e+06 4.514075279235839844e+01
1.349683000000000000e+06 4.562135934829711914e+01
1.349721000000000000e+06 4.612209367752075195e+01
1.349760000000000000e+06 4.665115165710449219e+01
1.349797000000000000e+06 4.717847776412963867e+01
1.349836000000000000e+06 4.766619586944580078e+01
1.349872000000000000e+06 4.815363121032714844e+01
1.349910000000000000e+06 4.865757656097412109e+01
1.349947000000000000e+06 4.915668582916259766e+01
1.349985000000000000e+06 4.963340568542480469e+01
1.350023000000000000e+06 5.010921669006347656e+01
1.350061000000000000e+06 5.059267425537109375e+01
