2.106220000000000000e+05 5.000351138638510662e+00
2.106580000000000000e+05 5.408142243544314276e+00
2.106950000000000000e+05 5.901420760228172746e+00
2.107330000000000000e+05 6.396843124263764224e+00
2.107720000000000000e+05 6.899475273203661274e+00
2.108100000000000000e+05 7.369270464292869249e+00
2.108480000000000000e+05 7.864456318923108924e+00
2.108850000000000000e+05 8.355804574448100652e+00
2.109210000000000000e+05 8.816948046350605139e+00
2.109590000000000000e+05 9.266693170790079037e+00
2.109970000000000000e+05 9.798027052309240759e+00
2.110350000000000000e+05 1.032554628850526868e+01
2.110720000000000000e+05 1.082049571740308735e+01
2.111110000000000000e+05 1.132309366772866355e+01
2.111490000000000000e+05 1.180147594758508589e+01
2.111880000000000000e+05 1.230265109133333823e+01
2.112250000000000000e+05 1.280683607652498601e+01
2.112640000000000000e+05 1.331169630909225887e+01
2.113010000000000000e+05 1.378993381191184397e+01
2.113380000000000000e+05 1.425205421270795014e+01
2.113770000000000000e+05 1.473231732523737847e+01
2.114140000000000000e+05 1.521144374034291502e+01
2.114530000000000000e+05 1.568654184146505237e+01
2.114890000000000000e+05 1.612691467023876868e+01
2.115270000000000000e+05 1.661982757654293508e+01
2.115650000000000000e+05 1.707042025169938881e+01
2.116030000000000000e+05 1.756706779354482606e+01
2.116400000000000000e+05 1.801690123666401178e+01
2.116790000000000000e+05 1.849324327210684160e+01
2.117160000000000000e+05 1.893530633179997125e+01
2.117540000000000000e+05 1.941195742336651264e+01
2.117910000000000000e+05 1.988546517408932246e+01
2.118290000000000000e+05 2.034663248172841676e+01
2.118650000000000000e+05 2.079513516795777406e+01
2.119020000000000000e+05 2.127615050220925141e+01
2.119390000000000000e+05 2.172737296185447065e+01
2.119770000000000000e+05 2.219211097458765991e+01
2.120140000000000000e+05 2.265748989549810588e+01
2.120520000000000000e+05 2.310597346442648004e+01
2.120900000000000000e+05 2.356258997878336103e+01
2.121270000000000000e+05 2.403611334777114905e+01
2.121640000000000000e+05 2.451417244518840377e+01
2.122020000000000000e+05 2.497625536486332720e+01
2.122380000000000000e+05 2.545327300154822225e+01
2.122750000000000000e+05 2.593383807238760141e+01
2.123100000000000000e+05 2.639138149286172919e+01
2.123450000000000000e+05 2.682094068370523843e+01
2.123830000000000000e+05 2.731022631553921798e+01
2.124190000000000000e+05 2.781357645080491636e+01
2.124570000000000000e+05 2.828595116949383481e+01
2.124940000000000000e+05 2.875335538741029140e+01
2.125310000000000000e+05 2.924208757974157180e+01
2.125680000000000000e+05 2.970973199579054480e+01
2.126050000000000000e+05 3.017811659464928198e+01
2.126410000000000000e+05 3.065225397377338012e+01
2.126780000000000000e+05 3.112249256239502770e+01
2.127160000000000000e+05 3.157818182369577897e+01
2.127530000000000000e+05 3.207162492496362205e+01
2.127890000000000000e+05 3.254317954136267588e+01
2.128270000000000000e+05 3.299711790637696396e+01
2.128640000000000000e+05 3.348427491534251743e+01
2.129020000000000000e+05 3.394012455999714462e+01
2.129400000000000000e+05 3.441078677495057292e+01
2.129750000000000000e+05 3.493203209910803508e+01
2.130130000000000000e+05 3.540468124055387733e+01
2.130480000000000000e+05 3.589739957399167025e+01
2.130860000000000000e+05 3.636657764753574185e+01
2.131210000000000000e+05 3.683450045445458443e+01
2.131570000000000000e+05 3.727420548955704760e+01
2.131910000000000000e+05 3.774171610050298398e+01
2.132250000000000000e+05 3.819916745927598356e+01
2.132610000000000000e+05 3.866463330264585352e+01
2.132950000000000000e+05 3.915451718051277652e+01
2.133310000000000000e+05 3.965052391776155361e+01
2.133670000000000000e+05 4.010673938552074702e+01
2.134050000000000000e+05 4.059304910431350777e+01
2.134420000000000000e+05 4.104435134048095790e+01
2.134780000000000000e+05 4.149479938819318647e+01
2.135140000000000000e+05 4.197974342437767348e+01
2.135510000000000000e+05 4.243583665904805002e+01
2.135890000000000000e+05 4.294508836152389364e+01
2.136250000000000000e+05 4.345801253948118159e+01
2.136600000000000000e+05 4.394746640757666256e+01
2.136950000000000000e+05 4.443489216108572037e+01
2.137330000000000000e+05 4.490282727893222869e+01
2.137700000000000000e+05 4.539206944166274837e+01
2.138060000000000000e+05 4.585266346509168756e+01
2.138420000000000000e+05 4.632165957454389371e+01
2.138800000000000000e+05 4.678639794188540435e+01
2.139150000000000000e+05 4.728386066645036578e+01
2.139510000000000000e+05 4.777779099524773443e+01
2.139880000000000000e+05 4.824754189857608822e+01
2.140230000000000000e+05 4.872048958676437280e+01
2.140600000000000000e+05 4.922465667380884469e+01
2.140970000000000000e+05 4.968316196756310887e+01
2.141320000000000000e+05 5.016089912819377616e+01
2.141680000000000000e+05 5.060335737934973821e+01
2.142050000000000000e+05 5.108559045139371335e+01
