2.176653000000000000e+06 5.000480925449754643e+00
2.176690000000000000e+06 5.405330876166327236e+00
2.176726000000000000e+06 5.929252897172884396e+00
2.176761000000000000e+06 6.430889407702549576e+00
2.176799000000000000e+06 6.965774782085644823e+00
2.176834000000000000e+06 7.457514029683879997e+00
2.176870000000000000e+06 7.928892326537467561e+00
2.176906000000000000e+06 8.389509357055821681e+00
2.176941000000000000e+06 8.856271917238771607e+00
2.176978000000000000e+06 9.344389129069952560e+00
2.177016000000000000e+06 9.804113583939450649e+00
2.177050000000000000e+06 1.027549196075430515e+01
2.177087000000000000e+06 1.070560295142002083e+01
2.177123000000000000e+06 1.123380882258685709e+01
2.177159000000000000e+06 1.172496646074890236e+01
2.177196000000000000e+06 1.219306052983765376e+01
2.177232000000000000e+06 1.270168206483256057e+01
2.177268000000000000e+06 1.315349129232871128e+01
2.177303000000000000e+06 1.367370958512019996e+01
2.177338000000000000e+06 1.413321700286780391e+01
2.177375000000000000e+06 1.459160668254252613e+01
2.177411000000000000e+06 1.503919678282001016e+01
2.177446000000000000e+06 1.553901027955619263e+01
2.177483000000000000e+06 1.600588002279410205e+01
2.177517000000000000e+06 1.647768576027964471e+01
2.177554000000000000e+06 1.694680967671554939e+01
2.177598000000000000e+06 1.745281813440404761e+01
2.177640000000000000e+06 1.796941231771350189e+01
2.177684000000000000e+06 1.851648982473100702e+01
2.177728000000000000e+06 1.908072576756669392e+01
2.177772000000000000e+06 1.962878745619397591e+01
2.177816000000000000e+06 2.023255518280014442e+01
2.177861000000000000e+06 2.082065217008722513e+01
2.177904000000000000e+06 2.140927936038324475e+01
2.177949000000000000e+06 2.201191799276245931e+01
2.177988000000000000e+06 2.254498797842523317e+01
2.178032000000000000e+06 2.314655085925858558e+01
2.178074000000000000e+06 2.373081406493919587e+01
2.178115000000000000e+06 2.432304241608845530e+01
2.178158000000000000e+06 2.491557207359782211e+01
2.178198000000000000e+06 2.547424630812755808e+01
2.178242000000000000e+06 2.603700227076677365e+01
2.178287000000000000e+06 2.667029581610698941e+01
2.178331000000000000e+06 2.726678516164137989e+01
2.178375000000000000e+06 2.784157644048259073e+01
2.178417000000000000e+06 2.845571632561637188e+01
2.178460000000000000e+06 2.905277775042678456e+01
2.178501000000000000e+06 2.963230299000915835e+01
2.178546000000000000e+06 3.023587230886652577e+01
2.178589000000000000e+06 3.082760840649040546e+01
2.178633000000000000e+06 3.142831664912841561e+01
2.178675000000000000e+06 3.201124840804164506e+01
2.178718000000000000e+06 3.260488419340521205e+01
2.178760000000000000e+06 3.317326282575940866e+01
2.178804000000000000e+06 3.379266689465792695e+01
2.178847000000000000e+06 3.435813491913820172e+01
2.178890000000000000e+06 3.498024360903997376e+01
2.178931000000000000e+06 3.556106577924957435e+01
2.178976000000000000e+06 3.614770531389714847e+01
2.179018000000000000e+06 3.673257109492932670e+01
2.179062000000000000e+06 3.731122273769153708e+01
2.179103000000000000e+06 3.792879573692025019e+01
2.179147000000000000e+06 3.852545655253309320e+01
2.179192000000000000e+06 3.913835273014924354e+01
2.179233000000000000e+06 3.972669368509563270e+01
2.179276000000000000e+06 4.033508464974243424e+01
2.179320000000000000e+06 4.092712581663412408e+01
2.179361000000000000e+06 4.153218273250158177e+01
2.179404000000000000e+06 4.211134547869154687e+01
2.179447000000000000e+06 4.271675334973189564e+01
2.179491000000000000e+06 4.331019069548077027e+01
2.179534000000000000e+06 4.388421122876246727e+01
2.179576000000000000e+06 4.448562129525070219e+01
2.179617000000000000e+06 4.507199382094212581e+01
2.179660000000000000e+06 4.564125361206409792e+01
2.179702000000000000e+06 4.626532298787378750e+01
2.179745000000000000e+06 4.683376643306404219e+01
2.179787000000000000e+06 4.744509471429530123e+01
2.179829000000000000e+06 4.802241114638876951e+01
2.179872000000000000e+06 4.861718363912024898e+01
2.179916000000000000e+06 4.921607600554020934e+01
2.179958000000000000e+06 4.976742960104354552e+01
2.180002000000000000e+06 5.038211481955940485e+01
2.180043000000000000e+06 5.097480448745676540e+01
2.180085000000000000e+06 5.156773829557469213e+01
